12

0 100 211 8 grapheb1.jpg 1
1 100 59 272 grapheb2.jpg 20
2 100 17 117 grapheb3.jpg 20
3 100 219 598 grapheb4.jpg 100
4 100 18 480 grapheb5.jpg 100
5 100 296 382 grapheb6.jpg 50
6 100 373 135 grapheb7.jpg 2
7 100 610 611 grapheb8.jpg 10
8 100 750 358 grapheb9.jpg 5
9 54 502 428 grapheb10.jpg 10
10 100 744 31 grapheb11.jpg 3
11 100 593 128 grapheb12.jpg 1

0


15

0 5 0 1
1 5 1 1
2 3 5 1
3 4 1 1
4 1 2 1
5 3 4 1
6 1 6 1
7 2 6 1
8 6 11 1
9 9 6 1
10 9 11 1
11 10 11 1
12 8 9 1
13 8 10 1
14 7 8 1

0